0 4706 "tl_2023_27_bg" Skater
2 705 0.00611651
705 2 0.00611651
3 2318 0.00900119
2318 3 0.00900119
4 3502 0.13753
3502 4 0.13753
5 3507 0.0814834
3507 5 0.0814834
6 1994 0.0128342
1994 6 0.0128342
7 3957 0.0021916
3957 7 0.0021916
8 7 0.00269042
7 8 0.00269042
9 2272 0.0128085
2272 9 0.0128085
10 2329 0.0104427
2329 10 0.0104427
11 1171 0.0116894
1171 11 0.0116894
12 2196 0.0112176
2196 12 0.0112176
13 12 0.010589
12 13 0.010589
14 29 0.0150911
29 14 0.0150911
15 1130 0.00566415
1130 15 0.00566415
16 2959 0.00887063
2959 16 0.00887063
17 2785 0.0144601
2785 17 0.0144601
18 2819 0.00890017
2819 18 0.00890017
19 187 0.0184976
187 19 0.0184976
20 45 0.00716289
45 20 0.00716289
21 2807 0.0123095
2807 21 0.0123095
22 23 0.00466386
23 22 0.00466386
23 42 0.0105986
42 23 0.0105986
24 2857 0.011349
2857 24 0.011349
25 684 0.00835286
684 25 0.00835286
26 27 0.00542076
27 26 0.00542076
27 758 0.00569953
758 27 0.00569953
28 686 0.0055082
686 28 0.0055082
29 1309 0.0120823
1309 29 0.0120823
30 2137 0.00301719
2137 30 0.00301719
31 1353 0.00629961
1353 31 0.00629961
32 3576 0.0133928
3576 32 0.0133928
33 40 0.00905327
40 33 0.00905327
34 2998 0.0139632
2998 34 0.0139632
35 1985 0.0115068
1985 35 0.0115068
36 35 0.0128307
35 36 0.0128307
37 18 0.00854485
18 37 0.00854485
38 2916 0.0144285
2916 38 0.0144285
39 52 0.00968116
52 39 0.00968116
40 54 0.00683667
54 40 0.00683667
41 2167 0.0249479
2167 41 0.0249479
42 2856 0.00896904
2856 42 0.00896904
43 47 0.0104019
47 43 0.0104019
44 2851 0.00781523
2851 44 0.00781523
45 180 0.0108
180 45 0.0108
46 205 0.00750017
205 46 0.00750017
47 2858 0.00946341
2858 47 0.00946341
48 35 0.00769804
35 48 0.00769804
49 206 0.00975328
206 49 0.00975328
50 3594 0.00665075
3594 50 0.00665075
51 2845 0.00641506
2845 51 0.00641506
52 49 0.00998246
49 52 0.00998246
53 47 0.00944273
47 53 0.00944273
54 189 0.00579873
189 54 0.00579873
55 56 0.00953741
56 55 0.00953741
56 2223 0.00924892
2223 56 0.00924892
57 2282 0.00580456
2282 57 0.00580456
58 2281 0.00989654
2281 58 0.00989654
59 58 0.00901058
58 59 0.00901058
60 171 0.0140033
171 60 0.0140033
61 2188 0.0175233
2188 61 0.0175233
62 2844 0.00521015
2844 62 0.00521015
63 46 0.00732506
46 63 0.00732506
64 2953 0.0148995
2953 64 0.0148995
65 2816 0.00837294
2816 65 0.00837294
66 2201 0.00562076
2201 66 0.00562076
67 68 0.0213282
68 67 0.0213282
68 38 0.0133776
38 68 0.0133776
69 194 0.0113769
194 69 0.0113769
70 53 0.00734271
53 70 0.00734271
71 37 0.0087878
37 71 0.0087878
72 207 0.0122409
207 72 0.0122409
73 2814 0.0131829
2814 73 0.0131829
74 19 0.0240503
19 74 0.0240503
75 19 0.0172425
19 75 0.0172425
76 2953 0.0131288
2953 76 0.0131288
77 48 0.0173133
48 77 0.0173133
78 3599 0.0554939
3599 78 0.0554939
79 74 0.0221721
74 79 0.0221721
80 3584 0.0108191
3584 80 0.0108191
81 2955 0.0095311
2955 81 0.0095311
82 3000 0.012142
3000 82 0.012142
83 50 0.00936602
50 83 0.00936602
84 2166 0.0479416
2166 84 0.0479416
85 2873 0.00986471
2873 85 0.00986471
86 2218 0.00675549
2218 86 0.00675549
87 3047 0.0166343
3047 87 0.0166343
88 193 0.0163705
193 88 0.0163705
89 120 0.00552893
120 89 0.00552893
90 133 0.00775289
133 90 0.00775289
91 3489 0.100448
3489 91 0.100448
92 103 0.0589249
103 92 0.0589249
93 2757 0.0140008
2757 93 0.0140008
94 2774 0.00672176
2774 94 0.00672176
95 892 0.00833046
892 95 0.00833046
96 98 0.0376116
98 96 0.0376116
97 96 0.0851859
96 97 0.0851859
98 390 0.0377428
390 98 0.0377428
99 1821 0.0107083
1821 99 0.0107083
100 707 0.0940726
707 100 0.0940726
101 2054 0.00730599
2054 101 0.00730599
102 2757 0.0484918
2757 102 0.0484918
103 616 0.0213217
616 103 0.0213217
104 3769 0.0246118
3769 104 0.0246118
105 92 0.0406475
92 105 0.0406475
106 97 0.0760178
97 106 0.0760178
107 702 0.0417257
702 107 0.0417257
108 94 0.0146061
94 108 0.0146061
109 89 0.00426519
89 109 0.00426519
110 112 0.00962122
112 110 0.00962122
111 4391 0.00973543
4391 111 0.00973543
112 136 0.00601769
136 112 0.00601769
113 1200 0.0110198
1200 113 0.0110198
114 122 0.00721013
122 114 0.00721013
115 116 0.0085433
116 115 0.0085433
116 4052 0.00622035
4052 116 0.00622035
117 285 0.0771423
285 117 0.0771423
118 129 0.0401378
129 118 0.0401378
119 121 0.00919061
121 119 0.00919061
120 116 0.00799116
116 120 0.00799116
121 120 0.00908269
120 121 0.00908269
122 89 0.00692825
89 122 0.00692825
123 4216 0.00824428
4216 123 0.00824428
124 123 0.00547814
123 124 0.00547814
125 134 0.00839416
134 125 0.00839416
126 90 0.00969196
90 126 0.00969196
127 90 0.00387649
90 127 0.00387649
128 90 0.00776828
90 128 0.00776828
129 199 0.0904024
199 129 0.0904024
130 3770 0.0064161
3770 130 0.0064161
131 2758 0.0177889
2758 131 0.0177889
132 708 0.0654756
708 132 0.0654756
133 114 0.00426304
114 133 0.00426304
134 1640 0.00425536
1640 134 0.00425536
135 124 0.0097505
124 135 0.0097505
136 135 0.00658369
135 136 0.00658369
137 1671 0.00984679
1671 137 0.00984679
138 137 0.00897003
137 138 0.00897003
139 151 0.117984
151 139 0.117984
140 141 0.0354008
141 140 0.0354008
141 144 0.0219404
144 141 0.0219404
142 150 0.081708
150 142 0.081708
143 153 0.0426247
153 143 0.0426247
144 146 0.0477964
146 144 0.0477964
145 1691 0.0261131
1691 145 0.0261131
146 139 0.110361
139 146 0.110361
147 145 0.0345092
145 147 0.0345092
148 147 0.0896555
147 148 0.0896555
149 147 0.0911761
147 149 0.0911761
150 149 0.105565
149 150 0.105565
151 143 0.106755
143 151 0.106755
152 138 0.00810807
138 152 0.00810807
153 2885 0.0699531
2885 153 0.0699531
154 2057 0.0892405
2057 154 0.0892405
155 3097 0.0536487
3097 155 0.0536487
156 155 0.119696
155 156 0.119696
157 2057 0.0942916
2057 157 0.0942916
158 161 0.123598
161 158 0.123598
159 160 0.166152
160 159 0.166152
160 157 0.144089
157 160 0.144089
161 154 0.0255821
154 161 0.0255821
162 154 0.143703
154 162 0.143703
163 165 0.074155
165 163 0.074155
164 2765 0.220066
2765 164 0.220066
165 292 0.00290437
292 165 0.00290437
166 165 0.148592
165 166 0.148592
167 2763 0.0589818
2763 167 0.0589818
168 3323 0.0872237
3323 168 0.0872237
169 2222 0.0103215
2222 169 0.0103215
170 179 0.0216447
179 170 0.0216447
171 68 0.0144914
68 171 0.0144914
172 174 0.0211458
174 172 0.0211458
173 64 0.019496
64 173 0.019496
174 177 0.0185229
177 174 0.0185229
175 2870 0.0182344
2870 175 0.0182344
176 195 0.0186051
195 176 0.0186051
177 2200 0.0151352
2200 177 0.0151352
178 1629 0.0296052
1629 178 0.0296052
179 52 0.0161343
52 179 0.0161343
180 21 0.012351
21 180 0.012351
181 2867 0.0115087
2867 181 0.0115087
182 2191 0.0185474
2191 182 0.0185474
183 2079 0.0156682
2079 183 0.0156682
184 2192 0.0110978
2192 184 0.0110978
185 193 0.0193316
193 185 0.0193316
186 3582 0.00706993
3582 186 0.00706993
187 3025 0.0150427
3025 187 0.0150427
188 18 0.010265
18 188 0.010265
189 2877 0.00851893
2877 189 0.00851893
190 3585 0.00879649
3585 190 0.00879649
191 2866 0.00609768
2866 191 0.00609768
192 74 0.0158767
74 192 0.0158767
193 82 0.00578439
82 193 0.00578439
194 2190 0.009212
2190 194 0.009212
195 34 0.0196576
34 195 0.0196576
196 2998 0.0115418
2998 196 0.0115418
197 69 0.00970465
69 197 0.00970465
198 3588 0.0388845
3588 198 0.0388845
199 336 0.0684305
336 199 0.0684305
200 118 0.0891535
118 200 0.0891535
201 202 0.0394173
202 201 0.0394173
202 4089 0.012003
4089 202 0.012003
203 4090 0.0696872
4090 203 0.0696872
204 20 0.00977505
20 204 0.00977505
205 2220 0.00630876
2220 205 0.00630876
206 43 0.0103759
43 206 0.0103759
207 71 0.0079812
71 207 0.0079812
208 2281 0.011337
2281 208 0.011337
209 2221 0.00936105
2221 209 0.00936105
210 2826 0.0111046
2826 210 0.0111046
211 243 0.0235016
243 211 0.0235016
212 236 0.060661
236 212 0.060661
213 590 0.0272175
590 213 0.0272175
214 224 0.0303955
224 214 0.0303955
215 641 0.0329335
641 215 0.0329335
216 252 0.0101354
252 216 0.0101354
217 269 0.0173664
269 217 0.0173664
218 591 0.0195598
591 218 0.0195598
219 216 0.0137741
216 219 0.0137741
220 226 0.016177
226 220 0.016177
221 807 0.0438225
807 221 0.0438225
222 223 0.0104818
223 222 0.0104818
223 233 0.0213923
233 223 0.0213923
224 268 0.0114127
268 224 0.0114127
225 4424 0.0511226
4424 225 0.0511226
226 219 0.0159132
219 226 0.0159132
227 212 0.070437
212 227 0.070437
228 239 0.00591831
239 228 0.00591831
229 233 0.0141427
233 229 0.0141427
230 231 0.0117997
231 230 0.0117997
231 239 0.0133658
239 231 0.0133658
232 611 0.0150303
611 232 0.0150303
233 241 0.0143034
241 233 0.0143034
234 2125 0.0211475
2125 234 0.0211475
235 404 0.0105274
404 235 0.0105274
236 495 0.0413095
495 236 0.0413095
237 1187 0.0126111
1187 237 0.0126111
238 273 0.0148985
273 238 0.0148985
239 242 0.0126993
242 239 0.0126993
240 590 0.00933354
590 240 0.00933354
241 272 0.0142034
272 241 0.0142034
242 261 0.0138331
261 242 0.0138331
243 268 0.0170023
268 243 0.0170023
244 225 0.013233
225 244 0.013233
245 242 0.0104604
242 245 0.0104604
246 245 0.0167603
245 246 0.0167603
247 252 0.00701025
252 247 0.00701025
248 232 0.0128904
232 248 0.0128904
249 248 0.0089333
248 249 0.0089333
250 606 0.0190805
606 250 0.0190805
251 228 0.0174051
228 251 0.0174051
252 245 0.0126936
245 252 0.0126936
253 218 0.0296904
218 253 0.0296904
254 214 0.0614893
214 254 0.0614893
255 232 0.0181699
232 255 0.0181699
256 274 0.0337583
274 256 0.0337583
257 593 0.0546062
593 257 0.0546062
258 268 0.0176277
268 258 0.0176277
259 260 0.0181211
260 259 0.0181211
260 271 0.0132573
271 260 0.0132573
261 249 0.0167797
249 261 0.0167797
262 265 0.0199323
265 262 0.0199323
263 310 0.0195136
310 263 0.0195136
264 291 0.0253523
291 264 0.0253523
265 287 0.0624917
287 265 0.0624917
266 592 0.0135901
592 266 0.0135901
267 238 0.0128304
238 267 0.0128304
268 244 0.00967987
244 268 0.00967987
269 230 0.00955482
230 269 0.00955482
270 241 0.00832042
241 270 0.00832042
271 274 0.014629
274 271 0.014629
272 231 0.00895783
231 272 0.00895783
273 235 0.0103821
235 273 0.0103821
274 221 0.0324471
221 274 0.0324471
275 267 0.0186897
267 275 0.0186897
276 368 0.0177039
368 276 0.0177039
277 368 0.0181151
368 277 0.0181151
278 279 0.0106432
279 278 0.0106432
279 3548 0.00794545
3548 279 0.00794545
280 279 0.0196736
279 280 0.0196736
281 3548 0.00741698
3548 281 0.00741698
282 283 0.0128423
283 282 0.0128423
283 3549 0.0500141
3549 283 0.0500141
284 290 0.0806121
290 284 0.0806121
285 396 0.0834743
396 285 0.0834743
286 264 0.0587565
264 286 0.0587565
287 1567 0.0813821
1567 287 0.0813821
288 301 0.0556589
301 288 0.0556589
289 263 0.0997862
263 289 0.0997862
290 289 0.105254
289 290 0.105254
291 265 0.0157231
265 291 0.0157231
292 550 0.122965
550 292 0.122965
293 163 0.109828
163 293 0.109828
294 297 0.00650614
297 294 0.00650614
295 299 0.0090011
299 295 0.0090011
296 295 0.0104856
295 296 0.0104856
297 296 0.00566158
296 297 0.00566158
298 3212 0.118057
3212 298 0.118057
299 282 0.0159442
282 299 0.0159442
300 295 0.00987431
295 300 0.00987431
301 285 0.0741245
285 301 0.0741245
302 3531 0.0196094
3531 302 0.0196094
303 304 0.0146163
304 303 0.0146163
304 644 0.0125704
644 304 0.0125704
305 303 0.0176441
303 305 0.0176441
306 304 0.0126336
304 306 0.0126336
307 1510 0.00909981
1510 307 0.00909981
308 3538 0.109017
3538 308 0.109017
309 288 0.103306
288 309 0.103306
310 265 0.0174348
265 310 0.0174348
311 4597 0.0198012
4597 311 0.0198012
312 4597 0.0205901
4597 312 0.0205901
313 2508 0.0419812
2508 313 0.0419812
314 342 0.170867
342 314 0.170867
315 2370 0.0759397
2370 315 0.0759397
316 345 0.0213555
345 316 0.0213555
317 2372 0.199488
2372 317 0.199488
318 320 0.158314
320 318 0.158314
319 1299 0.0202234
1299 319 0.0202234
320 2732 0.171153
2732 320 0.171153
321 1859 0.163359
1859 321 0.163359
322 343 0.127188
343 322 0.127188
323 3148 0.168436
3148 323 0.168436
324 2371 0.131466
2371 324 0.131466
325 326 0.0219398
326 325 0.0219398
326 1295 0.095139
1295 326 0.095139
327 1296 0.0354987
1296 327 0.0354987
328 329 0.0172447
329 328 0.0172447
329 1483 0.0119632
1483 329 0.0119632
330 2711 0.00935874
2711 330 0.00935874
331 4661 0.00618502
4661 331 0.00618502
332 4687 0.00831765
4687 332 0.00831765
333 4577 0.0108175
4577 333 0.0108175
334 4661 0.00747618
4661 334 0.00747618
335 2445 0.00558445
2445 335 0.00558445
336 339 0.048815
339 336 0.048815
337 117 0.0290278
117 337 0.0290278
338 403 0.0673063
403 338 0.0673063
339 4102 0.0976742
4102 339 0.0976742
340 3430 0.0193962
3430 340 0.0193962
341 3109 0.00785882
3109 341 0.00785882
342 318 0.118826
318 342 0.118826
343 321 0.130767
321 343 0.130767
344 345 0.0201436
345 344 0.0201436
345 318 0.184848
318 345 0.184848
346 347 0.00711168
347 346 0.00711168
347 2692 0.0172809
2692 347 0.0172809
348 3649 0.0104836
3649 348 0.0104836
349 351 0.00706925
351 349 0.00706925
350 2612 0.190444
2612 350 0.190444
351 3651 0.0114353
3651 351 0.0114353
352 349 0.011872
349 352 0.011872
353 3994 0.0221408
3994 353 0.0221408
354 352 0.123242
352 354 0.123242
355 348 0.00864138
348 355 0.00864138
356 3652 0.0083033
3652 356 0.0083033
357 3997 0.0123325
3997 357 0.0123325
358 3648 0.00811515
3648 358 0.00811515
359 1469 0.0179843
1469 359 0.0179843
360 818 0.0676918
818 360 0.0676918
361 363 0.0385033
363 361 0.0385033
362 363 0.164415
363 362 0.164415
363 703 0.191331
703 363 0.191331
364 2048 0.225783
2048 364 0.225783
365 364 0.155301
364 365 0.155301
366 3539 0.088608
3539 366 0.088608
367 3540 0.0850153
3540 367 0.0850153
368 3550 0.00815156
3550 368 0.00815156
369 1790 0.00709597
1790 369 0.00709597
370 3638 0.0104686
3638 370 0.0104686
371 1322 0.0114324
1322 371 0.0114324
372 336 0.0351792
336 372 0.0351792
373 201 0.0576793
201 373 0.0576793
374 373 0.0502892
373 374 0.0502892
375 391 0.116297
391 375 0.116297
376 382 0.0972289
382 376 0.0972289
377 382 0.098737
382 377 0.098737
378 386 0.0546228
386 378 0.0546228
379 377 0.0485917
377 379 0.0485917
380 379 0.0489457
379 380 0.0489457
381 376 0.114632
376 381 0.114632
382 132 0.0970111
132 382 0.0970111
383 393 0.109577
393 383 0.109577
384 3665 0.096843
3665 384 0.096843
385 3261 0.0472595
3261 385 0.0472595
386 391 0.087061
391 386 0.087061
387 378 0.0815718
378 387 0.0815718
388 394 0.137124
394 388 0.137124
389 3261 0.110836
3261 389 0.110836
390 375 0.0901788
375 390 0.0901788
391 381 0.116988
381 391 0.116988
392 378 0.0992881
378 392 0.0992881
393 380 0.0602228
380 393 0.0602228
394 3665 0.0902946
3665 394 0.0902946
395 388 0.0844806
388 395 0.0844806
396 401 0.100694
401 396 0.100694
397 337 0.0345999
337 397 0.0345999
398 1601 0.0387102
1601 398 0.0387102
399 1438 0.0374267
1438 399 0.0374267
400 373 0.0765452
373 400 0.0765452
401 129 0.0888218
129 401 0.0888218
402 372 0.0464266
372 402 0.0464266
403 3004 0.0511296
3004 403 0.0511296
404 237 0.0101676
237 404 0.0101676
405 1633 0.0851534
1633 405 0.0851534
406 408 0.0107816
408 406 0.0107816
407 406 0.0133241
406 407 0.0133241
408 404 0.013783
404 408 0.013783
409 273 0.0120082
273 409 0.0120082
410 2837 0.125091
2837 410 0.125091
411 1327 0.0200013
1327 411 0.0200013
412 904 0.199811
904 412 0.199811
413 412 0.0400863
412 413 0.0400863
414 416 0.00590645
416 414 0.00590645
415 414 0.00574312
414 415 0.00574312
416 413 0.00890973
413 416 0.00890973
417 2837 0.0924136
2837 417 0.0924136
418 564 0.128818
564 418 0.128818
419 2836 0.105665
2836 419 0.105665
420 4066 0.00638806
4066 420 0.00638806
421 4105 0.00741976
4105 421 0.00741976
422 219 0.0170799
219 422 0.0170799
423 4082 0.0334815
4082 423 0.0334815
424 2116 0.156966
2116 424 0.156966
425 1466 0.115195
1466 425 0.115195
426 4068 0.0183136
4068 426 0.0183136
427 4088 0.011205
4088 427 0.011205
428 106 0.0948957
106 428 0.0948957
429 528 0.09151
528 429 0.09151
430 429 0.0152074
429 430 0.0152074
431 443 0.056718
443 431 0.056718
432 431 0.0995078
431 432 0.0995078
433 439 0.0718654
439 433 0.0718654
434 446 0.0114302
446 434 0.0114302
435 1730 0.0555331
1730 435 0.0555331
436 2600 0.09301
2600 436 0.09301
437 4187 0.0598262
4187 437 0.0598262
438 3650 0.04666
3650 438 0.04666
439 432 0.0869132
432 439 0.0869132
440 447 0.127117
447 440 0.127117
441 1688 0.104093
1688 441 0.104093
442 4156 0.0733371
4156 442 0.0733371
443 4173 0.0609371
4173 443 0.0609371
444 3650 0.0553548
3650 444 0.0553548
445 446 0.0227538
446 445 0.0227538
446 3653 0.0124971
3653 446 0.0124971
447 449 0.10351
449 447 0.10351
448 445 0.0258548
445 448 0.0258548
449 448 0.0600767
448 449 0.0600767
450 1490 0.12925
1490 450 0.12925
451 3419 0.116161
3419 451 0.116161
452 1305 0.0959786
1305 452 0.0959786
453 458 0.0972887
458 453 0.0972887
454 1301 0.126831
1301 454 0.126831
455 1305 0.0782736
1305 455 0.0782736
456 2291 0.087852
2291 456 0.087852
457 454 0.0965706
454 457 0.0965706
458 1325 0.122889
1325 458 0.122889
459 1273 0.0196367
1273 459 0.0196367
460 2299 0.0840274
2299 460 0.0840274
461 3486 0.0144159
3486 461 0.0144159
462 463 0.0989024
463 462 0.0989024
463 1586 0.112978
1586 463 0.112978
464 1489 0.0928831
1489 464 0.0928831
465 464 0.116719
464 465 0.116719
466 1584 0.0207518
1584 466 0.0207518
467 2602 0.0057603
2602 467 0.0057603
468 2069 0.00557534
2069 468 0.00557534
469 3025 0.0168914
3025 469 0.0168914
470 1872 0.00443151
1872 470 0.00443151
471 1822 0.0116811
1822 471 0.0116811
472 1880 0.0051813
1880 472 0.0051813
473 499 0.003702
499 473 0.003702
474 1925 0.00360978
1925 474 0.00360978
475 1969 0.0144402
1969 475 0.0144402
476 2591 0.00848293
2591 476 0.00848293
477 1930 0.00873293
1930 477 0.00873293
478 2782 0.00744892
2782 478 0.00744892
479 2588 0.00558442
2588 479 0.00558442
480 1780 0.00504388
1780 480 0.00504388
481 506 0.00890209
506 481 0.00890209
482 870 0.00555209
870 482 0.00555209
483 509 0.00379494
509 483 0.00379494
484 1996 0.00868249
1996 484 0.00868249
485 2562 0.00315658
2562 485 0.00315658
486 2098 0.00492708
2098 486 0.00492708
487 2085 0.00359208
2085 487 0.00359208
488 1891 0.00505435
1891 488 0.00505435
489 2206 0.00631577
2206 489 0.00631577
490 2008 0.0076839
2008 490 0.0076839
491 1968 0.0140982
1968 491 0.0140982
492 2100 0.00418841
2100 492 0.00418841
493 642 0.0635859
642 493 0.0635859
494 240 0.011168
240 494 0.011168
495 4505 0.0445827
4505 495 0.0445827
496 1915 0.00529103
1915 496 0.00529103
497 3622 0.00622339
3622 497 0.00622339
498 1014 0.00733385
1014 498 0.00733385
499 1746 0.00603327
1746 499 0.00603327
500 1776 0.00572316
1776 500 0.00572316
501 2087 0.00602917
2087 501 0.00602917
502 470 0.00440875
470 502 0.00440875
503 925 0.00372313
925 503 0.00372313
504 2021 0.00711266
2021 504 0.00711266
505 1867 0.00524035
1867 505 0.00524035
506 1012 0.00899966
1012 506 0.00899966
507 984 0.00317377
984 507 0.00317377
508 2205 0.00822377
2205 508 0.00822377
509 2566 0.00395888
2566 509 0.00395888
510 561 0.102061
561 510 0.102061
511 2793 0.0734466
2793 511 0.0734466
512 3392 0.142652
3392 512 0.142652
513 2501 0.0691197
2501 513 0.0691197
514 3276 0.11645
3276 514 0.11645
515 2582 0.106698
2582 515 0.106698
516 2486 0.038572
2486 516 0.038572
517 2460 0.165756
2460 517 0.165756
518 2441 0.0786556
2441 518 0.0786556
519 2012 0.0604308
2012 519 0.0604308
520 2680 0.0890038
2680 520 0.0890038
521 2686 0.187185
2686 521 0.187185
522 3126 0.0257883
3126 522 0.0257883
523 1092 0.0220605
1092 523 0.0220605
524 429 0.0954759
429 524 0.0954759
525 536 0.0413703
536 525 0.0413703
526 529 0.107943
529 526 0.107943
527 4050 0.0946851
4050 527 0.0946851
528 428 0.09338
428 528 0.09338
529 532 0.0343186
532 529 0.0343186
530 543 0.0789436
543 530 0.0789436
531 535 0.0556131
535 531 0.0556131
532 531 0.0465855
531 532 0.0465855
533 537 0.102745
537 533 0.102745
534 538 0.0185031
538 534 0.0185031
535 530 0.121189
530 535 0.121189
536 4042 0.113564
4042 536 0.113564
537 2038 0.0607465
2038 537 0.0607465
538 537 0.0145884
537 538 0.0145884
539 544 0.086814
544 539 0.086814
540 2803 0.101829
2803 540 0.101829
541 539 0.148106
539 541 0.148106
542 2804 0.193154
2804 542 0.193154
543 534 0.035349
534 543 0.035349
544 540 0.0926968
540 544 0.0926968
545 540 0.0472387
540 545 0.0472387
546 539 0.123896
539 546 0.123896
547 2832 0.0719824
2832 547 0.0719824
548 549 0.133913
549 548 0.133913
549 293 0.119352
293 549 0.119352
550 2766 0.0601855
2766 550 0.0601855
551 552 0.0779182
552 551 0.0779182
552 1211 0.0547263
1211 552 0.0547263
553 167 0.0767783
167 553 0.0767783
554 1706 0.0450771
1706 554 0.0450771
555 1858 0.0347915
1858 555 0.0347915
556 1540 0.0112722
1540 556 0.0112722
557 3864 0.00724181
3864 557 0.00724181
558 4606 0.0511349
4606 558 0.0511349
559 585 0.188051
585 559 0.188051
560 549 0.182306
549 560 0.182306
561 562 0.100363
562 561 0.100363
562 588 0.0713848
588 562 0.0713848
563 2482 0.0752794
2482 563 0.0752794
564 563 0.0894731
563 564 0.0894731
565 559 0.151703
559 565 0.151703
566 563 0.0857472
563 566 0.0857472
567 3466 0.0666011
3466 567 0.0666011
568 360 0.0390528
360 568 0.0390528
569 3528 0.304265
3528 569 0.304265
570 574 0.181831
574 570 0.181831
571 576 0.118235
576 571 0.118235
572 577 0.165701
577 572 0.165701
573 580 0.124854
580 573 0.124854
574 3530 0.155487
3530 574 0.155487
575 573 0.0738149
573 575 0.0738149
576 314 0.101076
314 576 0.101076
577 578 0.145703
578 577 0.145703
578 3532 0.173791
3532 578 0.173791
579 576 0.12632
576 579 0.12632
580 579 0.1189
579 580 0.1189
581 588 0.125752
588 581 0.125752
582 3219 0.177861
3219 582 0.177861
583 2350 0.114776
2350 583 0.114776
584 565 0.18443
565 584 0.18443
585 581 0.170436
581 585 0.170436
586 566 0.0404134
566 586 0.0404134
587 581 0.138811
581 587 0.138811
588 586 0.0746637
586 588 0.0746637
589 586 0.047942
586 589 0.047942
590 220 0.019252
220 590 0.019252
591 594 0.0729543
594 591 0.0729543
592 225 0.007919
225 592 0.007919
593 254 0.0709826
254 593 0.0709826
594 254 0.0688861
254 594 0.0688861
595 4003 0.404748
4003 595 0.404748
596 905 0.240442
905 596 0.240442
597 795 0.0789899
795 597 0.0789899
598 1892 0.00508313
1892 598 0.00508313
599 2102 0.0028439
2102 599 0.0028439
600 1847 0.00459139
1847 600 0.00459139
601 2086 0.00356857
2086 601 0.00356857
602 3235 0.0958237
3235 602 0.0958237
603 4008 0.0591647
4008 603 0.0591647
604 250 0.0201799
250 604 0.0201799
605 606 0.0229918
606 605 0.0229918
606 223 0.0139216
223 606 0.0139216
607 2769 0.00858185
2769 607 0.00858185
608 3655 0.0175553
3655 608 0.0175553
609 617 0.0128665
617 609 0.0128665
610 845 0.0678167
845 610 0.0678167
611 612 0.018236
612 611 0.018236
612 4495 0.00765844
4495 612 0.00765844
613 612 0.0147475
612 613 0.0147475
614 2336 0.0202776
2336 614 0.0202776
615 4047 0.00983033
4047 615 0.00983033
616 706 0.0106045
706 616 0.0106045
617 850 0.0533717
850 617 0.0533717
618 3424 0.0234247
3424 618 0.0234247
619 829 0.0440564
829 619 0.0440564
620 817 0.0434877
817 620 0.0434877
621 810 0.022903
810 621 0.022903
622 808 0.0478391
808 622 0.0478391
623 825 0.0184267
825 623 0.0184267
624 809 0.0139828
809 624 0.0139828
625 839 0.0137638
839 625 0.0137638
626 814 0.0531245
814 626 0.0531245
627 626 0.0599705
626 627 0.0599705
628 1315 0.0216633
1315 628 0.0216633
629 811 0.00944823
811 629 0.00944823
630 2 0.0140279
2 630 0.0140279
631 3768 0.00317484
3768 631 0.00317484
632 3756 0.0155021
3756 632 0.0155021
633 399 0.0546378
399 633 0.0546378
634 3012 0.0121916
3012 634 0.0121916
635 3005 0.0510334
3005 635 0.0510334
636 3162 0.00722671
3162 636 0.00722671
637 634 0.00620166
634 637 0.00620166
638 639 0.00688685
639 638 0.00688685
639 2979 0.00805595
2979 639 0.00805595
640 3041 0.00730218
3041 640 0.00730218
641 253 0.0288699
253 641 0.0288699
642 211 0.0327109
211 642 0.0327109
643 1510 0.0077985
1510 643 0.0077985
644 647 0.014791
647 644 0.014791
645 644 0.00762511
644 645 0.00762511
646 645 0.00935613
645 646 0.00935613
647 650 0.00931584
650 647 0.00931584
648 1507 0.094676
1507 648 0.094676
649 648 0.0230393
648 649 0.0230393
650 651 0.00727318
651 650 0.00727318
651 649 0.022493
649 651 0.022493
652 672 0.0745134
672 652 0.0745134
653 652 0.130117
652 653 0.130117
654 1667 0.137538
1667 654 0.137538
655 105 0.0873191
105 655 0.0873191
656 2934 0.00998966
2934 656 0.00998966
657 3661 0.0136063
3661 657 0.0136063
658 3779 0.00355891
3779 658 0.00355891
659 3036 0.00907104
3036 659 0.00907104
660 755 0.00545065
755 660 0.00545065
661 3810 0.0046483
3810 661 0.0046483
662 753 0.0068102
753 662 0.0068102
663 1415 0.00949802
1415 663 0.00949802
664 2989 0.00670052
2989 664 0.00670052
665 1658 0.0078741
1658 665 0.0078741
666 686 0.00518671
686 666 0.00518671
667 3698 0.00454975
3698 667 0.00454975
668 3801 0.00488696
3801 668 0.00488696
669 779 0.00625818
779 669 0.00625818
670 2888 0.00455361
2888 670 0.00455361
671 734 0.127872
734 671 0.127872
672 671 0.105559
671 672 0.105559
673 1769 0.0187047
1769 673 0.0187047
674 673 0.0442899
673 674 0.0442899
675 654 0.0543621
654 675 0.0543621
676 91 0.0857238
91 676 0.0857238
677 734 0.0837038
734 677 0.0837038
678 4281 0.0044487
4281 678 0.0044487
679 1410 0.00926294
1410 679 0.00926294
680 1363 0.00684423
1363 680 0.00684423
681 786 0.00944387
786 681 0.00944387
682 728 0.00714236
728 682 0.00714236
683 1789 0.0046729
1789 683 0.0046729
684 723 0.0052366
723 684 0.0052366
685 3703 0.00447217
3703 685 0.00447217
686 3784 0.00572586
3784 686 0.00572586
687 2202 0.00984931
2202 687 0.00984931
688 3826 0.00268934
3826 688 0.00268934
689 749 0.00351616
749 689 0.00351616
690 1656 0.00370406
1656 690 0.00370406
691 4280 0.0041529
4280 691 0.0041529
692 1245 0.00371084
1245 692 0.00371084
693 1122 0.00276764
1122 693 0.00276764
694 2913 0.00421075
2913 694 0.00421075
695 696 0.139691
696 695 0.139691
696 522 0.0218086
522 696 0.0218086
697 699 0.066762
699 697 0.066762
698 3112 0.057873
3112 698 0.057873
699 522 0.05237
522 699 0.05237
700 3099 0.120644
3099 700 0.120644
701 3301 0.110213
3301 701 0.110213
702 1 0.0312719
1 702 0.0312719
703 1059 0.18302
1059 703 0.18302
704 1344 0.0997855
1344 704 0.0997855
705 101 0.00807878
101 705 0.00807878
706 2003 0.011735
2003 706 0.011735
707 3756 0.0508219
3756 707 0.0508219
708 2773 0.0206819
2773 708 0.0206819
709 3754 0.00587876
3754 709 0.00587876
710 3079 0.0039738
3079 710 0.0039738
711 3792 0.00382872
3792 711 0.00382872
712 744 0.00407711
744 712 0.00407711
713 1253 0.00370779
1253 713 0.00370779
714 2164 0.00740072
2164 714 0.00740072
715 672 0.0912775
672 715 0.0912775
716 3071 0.0080234
3071 716 0.0080234
717 664 0.0067581
664 717 0.0067581
718 3842 0.00506643
3842 718 0.00506643
719 3570 0.00509323
3570 719 0.00509323
720 742 0.00780561
742 720 0.00780561
721 2905 0.00262456
2905 721 0.00262456
722 3675 0.00488481
3675 722 0.00488481
723 719 0.0069983
719 723 0.0069983
724 1122 0.00390193
1122 724 0.00390193
725 4533 0.00396957
4533 725 0.00396957
726 1381 0.0100398
1381 726 0.0100398
727 3644 0.0105926
3644 727 0.0105926
728 2942 0.00695267
2942 728 0.00695267
729 2994 0.00744988
2994 729 0.00744988
730 2165 0.00464232
2165 730 0.00464232
731 3062 0.00689912
3062 731 0.00689912
732 677 0.124819
677 732 0.124819
733 4027 0.135783
4027 733 0.135783
734 675 0.0389028
675 734 0.0389028
735 3794 0.00461199
3794 735 0.00461199
736 2908 0.00382305
2908 736 0.00382305
737 791 0.00722057
791 737 0.00722057
738 3728 0.00966884
3728 738 0.00966884
739 3034 0.00514631
3034 739 0.00514631
740 1169 0.00894159
1169 740 0.00894159
741 4475 0.00677598
4475 741 0.00677598
742 2330 0.00635202
2330 742 0.00635202
743 1351 0.00632534
1351 743 0.00632534
744 2900 0.00381519
2900 744 0.00381519
745 1246 0.00719372
1246 745 0.00719372
746 1660 0.00509772
1660 746 0.00509772
747 3706 0.00698412
3706 747 0.00698412
748 688 0.00506552
688 748 0.00506552
749 2894 0.00416227
2894 749 0.00416227
750 666 0.00385717
666 750 0.00385717
751 3033 0.00859927
3033 751 0.00859927
752 785 0.0128466
785 752 0.0128466
753 1334 0.00811076
1334 753 0.00811076
754 1084 0.00694634
1084 754 0.00694634
755 1206 0.00735877
1206 755 0.00735877
756 2109 0.00649744
2109 756 0.00649744
757 3694 0.005091
3694 757 0.005091
758 3704 0.00470472
3704 758 0.00470472
759 1172 0.0219893
1172 759 0.0219893
760 762 0.0216961
762 760 0.0216961
761 759 0.0324509
759 761 0.0324509
762 761 0.0253581
761 762 0.0253581
763 764 0.0057454
764 763 0.0057454
764 761 0.0120964
761 764 0.0120964
765 3645 0.016734
3645 765 0.016734
766 3060 0.00567366
3060 766 0.00567366
767 662 0.00674487
662 767 0.00674487
768 2927 0.00361864
2927 768 0.00361864
769 3039 0.00763023
3039 769 0.00763023
770 3790 0.00323241
3790 770 0.00323241
771 2890 0.00482306
2890 771 0.00482306
772 1422 0.0105697
1422 772 0.0105697
773 3951 0.00666863
3951 773 0.00666863
774 3827 0.00527201
3827 774 0.00527201
775 713 0.00494143
713 775 0.00494143
776 4360 0.00908402
4360 776 0.00908402
777 4414 0.00718964
4414 777 0.00718964
778 4506 0.00384914
4506 778 0.00384914
779 3804 0.00506671
3804 779 0.00506671
780 3775 0.0062111
3775 780 0.0062111
781 2881 0.00376075
2881 781 0.00376075
782 3853 0.00358512
3853 782 0.00358512
783 4317 0.0111244
4317 783 0.0111244
784 4346 0.00762992
4346 784 0.00762992
785 1464 0.0102648
1464 785 0.0102648
786 10 0.00870377
10 786 0.00870377
787 4427 0.0063997
4427 787 0.0063997
788 1276 0.00843178
1276 788 0.00843178
789 3513 0.00358195
3513 789 0.00358195
790 4244 0.00738902
4244 790 0.00738902
791 3947 0.00589023
3947 791 0.00589023
792 3780 0.00511918
3780 792 0.00511918
793 1515 0.0194553
1515 793 0.0194553
794 1700 0.0967959
1700 794 0.0967959
795 1470 0.12116
1470 795 0.12116
796 1857 0.102155
1857 796 0.102155
797 1377 0.00508857
1377 797 0.00508857
798 854 0.0202634
854 798 0.0202634
799 798 0.0184772
798 799 0.0184772
800 4200 0.106337
4200 800 0.106337
801 1853 0.0294375
1853 801 0.0294375
802 840 0.0256595
840 802 0.0256595
803 837 0.021008
837 803 0.021008
804 805 0.0310788
805 804 0.0310788
805 823 0.0265225
823 805 0.0265225
806 833 0.021783
833 806 0.021783
807 808 0.0293263
808 807 0.0293263
808 625 0.0285466
625 808 0.0285466
809 628 0.0129055
628 809 0.0129055
810 1321 0.0160235
1321 810 0.0160235
811 624 0.0187773
624 811 0.0187773
812 824 0.0622458
824 812 0.0622458
813 820 0.0519935
820 813 0.0519935
814 816 0.0513676
816 814 0.0513676
815 817 0.0231667
817 815 0.0231667
816 813 0.0414859
813 816 0.0414859
817 819 0.0382423
819 817 0.0382423
818 819 0.039895
819 818 0.039895
819 3268 0.0699482
3268 819 0.0699482
820 1132 0.0237239
1132 820 0.0237239
821 1318 0.0618859
1318 821 0.0618859
822 823 0.0220191
823 822 0.0220191
823 1173 0.015359
1173 823 0.015359
824 813 0.0442537
813 824 0.0442537
825 826 0.01136
826 825 0.01136
826 629 0.00778037
629 826 0.00778037
827 803 0.0196203
803 827 0.0196203
828 838 0.0177996
838 828 0.0177996
829 833 0.0456356
833 829 0.0456356
830 806 0.0218195
806 830 0.0218195
831 1322 0.0170671
1322 831 0.0170671
832 912 0.0321743
912 832 0.0321743
833 811 0.0142638
811 833 0.0142638
834 623 0.0138153
623 834 0.0138153
835 832 0.0192911
832 835 0.0192911
836 834 0.0216815
834 836 0.0216815
837 1076 0.024831
1076 837 0.024831
838 840 0.0182516
840 838 0.0182516
839 1468 0.0449522
1468 839 0.0449522
840 803 0.0213771
803 840 0.0213771
841 3278 0.0463995
3278 841 0.0463995
842 841 0.0751698
841 842 0.0751698
843 844 0.103215
844 843 0.103215
844 552 0.0644412
552 844 0.0644412
845 614 0.093092
614 845 0.093092
846 1042 0.163009
1042 846 0.163009
847 609 0.164689
609 847 0.164689
848 849 0.110972
849 848 0.110972
849 847 0.137295
847 849 0.137295
850 846 0.0886204
846 850 0.0886204
851 2128 0.207378
2128 851 0.207378
852 860 0.116701
860 852 0.116701
853 857 0.064432
857 853 0.064432
854 858 0.049115
858 854 0.049115
855 860 0.0949372
860 855 0.0949372
856 853 0.125105
853 856 0.125105
857 2294 0.157553
2294 857 0.157553
858 158 0.176658
158 858 0.176658
859 854 0.0197699
854 859 0.0197699
860 1345 0.145912
1345 860 0.145912
861 1151 0.0388464
1151 861 0.0388464
862 3112 0.0860761
3112 862 0.0860761
863 3898 0.0346491
3898 863 0.0346491
864 659 0.0100861
659 864 0.0100861
865 884 0.00826213
884 865 0.00826213
866 3611 0.00858405
3611 866 0.00858405
867 1763 0.00510954
1763 867 0.00510954
868 1823 0.0104869
1823 868 0.0104869
869 1022 0.00721957
1022 869 0.00721957
870 893 0.00574131
893 870 0.00574131
871 870 0.00581843
870 871 0.00581843
872 928 0.00932578
928 872 0.00932578
873 1762 0.00483928
1762 873 0.00483928
874 1893 0.00813644
1893 874 0.00813644
875 1931 0.00696294
1931 875 0.00696294
876 1965 0.0147609
1965 876 0.0147609
877 1964 0.0133053
1964 877 0.0133053
878 890 0.0154708
890 878 0.0154708
879 479 0.00531516
479 879 0.00531516
880 897 0.0183313
897 880 0.0183313
881 879 0.00639851
879 881 0.00639851
882 877 0.0138446
877 882 0.0138446
883 882 0.00877897
882 883 0.00877897
884 955 0.00989218
955 884 0.00989218
885 1890 0.00662865
1890 885 0.00662865
886 505 0.00525517
505 886 0.00525517
887 3620 0.00634819
3620 887 0.00634819
888 1815 0.00672881
1815 888 0.00672881
889 2376 0.00781127
2376 889 0.00781127
890 1961 0.00699161
1961 890 0.00699161
891 600 0.00421512
600 891 0.00421512
892 121 0.011539
121 892 0.011539
893 1955 0.00625846
1955 893 0.00625846
894 2056 0.0130761
2056 894 0.0130761
895 1783 0.0208235
1783 895 0.0208235
896 1006 0.0148339
1006 896 0.0148339
897 977 0.0158719
977 897 0.0158719
898 943 0.011424
943 898 0.011424
899 945 0.01086
945 899 0.01086
900 2074 0.014683
2074 900 0.014683
901 595 0.393912
595 901 0.393912
902 1327 0.0177554
1327 902 0.0177554
903 411 0.188603
411 903 0.188603
904 901 0.418819
901 904 0.418819
905 902 0.0838776
902 905 0.0838776
906 1109 0.0847317
1109 906 0.0847317
907 1096 0.0660122
1096 907 0.0660122
908 568 0.0687296
568 908 0.0687296
909 1100 0.039757
1100 909 0.039757
910 1111 0.0139344
1111 910 0.0139344
911 920 0.0141323
920 911 0.0141323
912 1072 0.0242736
1072 912 0.0242736
913 919 0.0149373
919 913 0.0149373
914 1077 0.0331913
1077 914 0.0331913
915 912 0.0219342
912 915 0.0219342
916 906 0.0614342
906 916 0.0614342
917 3364 0.00995251
3364 917 0.00995251
918 921 0.0175906
921 918 0.0175906
919 915 0.0212621
915 919 0.0212621
920 921 0.0154771
921 920 0.0154771
921 1113 0.0119956
1113 921 0.0119956
922 2564 0.00329197
2564 922 0.00329197
923 503 0.00307515
503 923 0.00307515
924 2590 0.00370025
2590 924 0.00370025
925 2104 0.00502157
2104 925 0.00502157
926 2005 0.0132302
2005 926 0.0132302
927 497 0.00291319
497 927 0.00291319
928 874 0.00745338
874 928 0.00745338
929 1011 0.00590884
1011 929 0.00590884
930 931 0.00416613
931 930 0.00416613
931 1888 0.00590043
1888 931 0.00590043
932 1779 0.00452145
1779 932 0.00452145
933 506 0.00712943
506 933 0.00712943
934 1887 0.00713703
1887 934 0.00713703
935 936 0.00490026
936 935 0.00490026
936 934 0.00590181
934 936 0.00590181
937 2062 0.00956486
2062 937 0.00956486
938 487 0.00681711
487 938 0.00681711
939 940 0.0110547
940 939 0.0110547
940 1006 0.0106088
1006 940 0.0106088
941 1781 0.010174
1781 941 0.010174
942 471 0.00976929
471 942 0.00976929
943 1021 0.00718541
1021 943 0.00718541
944 957 0.00700741
957 944 0.00700741
945 947 0.012792
947 945 0.012792
946 191 0.0144697
191 946 0.0144697
947 942 0.00984452
942 947 0.00984452
948 1770 0.00591447
1770 948 0.00591447
949 1750 0.00254354
1750 949 0.00254354
950 949 0.0014543
949 950 0.0014543
951 930 0.00892589
930 951 0.00892589
952 2588 0.00505794
2588 952 0.00505794
953 1961 0.0081596
1961 953 0.0081596
954 1920 0.0111015
1920 954 0.0111015
955 953 0.0116472
953 955 0.0116472
956 1814 0.00360635
1814 956 0.00360635
957 1926 0.00377931
1926 957 0.00377931
958 980 0.00956855
980 958 0.00956855
959 883 0.0178016
883 959 0.0178016
960 1927 0.016515
1927 960 0.016515
961 1913 0.00642009
1913 961 0.00642009
962 1896 0.00786078
1896 962 0.00786078
963 1875 0.00440849
1875 963 0.00440849
964 2001 0.00449996
2001 964 0.00449996
965 754 0.0104728
754 965 0.0104728
966 1001 0.00294318
1001 966 0.00294318
967 1001 0.00326499
1001 967 0.00326499
968 950 0.00374592
950 968 0.00374592
969 2603 0.00499912
2603 969 0.00499912
970 1004 0.00994433
1004 970 0.00994433
971 972 0.0051602
972 971 0.0051602
972 2004 0.00726761
2004 972 0.00726761
973 3219 0.0632846
3219 973 0.0632846
974 547 0.0248371
547 974 0.0248371
975 1870 0.00383835
1870 975 0.00383835
976 468 0.00889815
468 976 0.00889815
977 878 0.0188528
878 977 0.0188528
978 2027 0.00357286
2027 978 0.00357286
979 1747 0.0104289
1747 979 0.0104289
980 1897 0.00623429
1897 980 0.00623429
981 2011 0.00841725
2011 981 0.00841725
982 1897 0.00743985
1897 982 0.00743985
983 875 0.0108085
875 983 0.0108085
984 1845 0.00335305
1845 984 0.00335305
985 1933 0.00735246
1933 985 0.00735246
986 470 0.00331746
470 986 0.00331746
987 1822 0.0116686
1822 987 0.0116686
988 1877 0.00368522
1877 988 0.00368522
989 964 0.00622943
964 989 0.00622943
990 2067 0.0102104
2067 990 0.0102104
991 1773 0.0075873
1773 991 0.0075873
992 1826 0.00747038
1826 992 0.00747038
993 2588 0.00741616
2588 993 0.00741616
994 1464 0.00813152
1464 994 0.00813152
995 4425 0.011642
4425 995 0.011642
996 1030 0.0072615
1030 996 0.0072615
997 996 0.00774158
996 997 0.00774158
998 997 0.0100462
997 998 0.0100462
999 1051 0.0037987
1051 999 0.0037987
1000 478 0.00678781
478 1000 0.00678781
1001 3956 0.00344008
3956 1001 0.00344008
1002 1861 0.00579835
1861 1002 0.00579835
1003 1002 0.00604675
1002 1003 0.00604675
1004 2064 0.00753509
2064 1004 0.00753509
1005 1989 0.00779484
1989 1005 0.00779484
1006 1954 0.0132697
1954 1006 0.0132697
1007 1824 0.00621637
1824 1007 0.00621637
1008 468 0.00933445
468 1008 0.00933445
1009 949 0.00287872
949 1009 0.00287872
1010 889 0.00688902
889 1010 0.00688902
1011 935 0.00535278
935 1011 0.00535278
1012 2879 0.00919879
2879 1012 0.00919879
1013 498 0.00709974
498 1013 0.00709974
1014 933 0.00813053
933 1014 0.00813053
1015 1887 0.00509293
1887 1015 0.00509293
1016 938 0.00302969
938 1016 0.00302969
1017 1889 0.00506841
1889 1017 0.00506841
1018 1998 0.0118561
1998 1018 0.0118561
1019 1967 0.0107328
1967 1019 0.0107328
1020 940 0.0114388
940 1020 0.0114388
1021 2056 0.0100607
2056 1021 0.0100607
1022 1923 0.0083119
1923 1022 0.0083119
1023 752 0.0135384
752 1023 0.0135384
1024 4436 0.00954612
4436 1024 0.00954612
1025 2183 0.00980988
2183 1025 0.00980988
1026 1056 0.0102387
1056 1026 0.0102387
1027 1024 0.012576
1024 1027 0.012576
1028 1026 0.0119583
1026 1028 0.0119583
1029 1023 0.00924915
1023 1029 0.00924915
1030 1029 0.00753919
1029 1030 0.00753919
1031 998 0.013659
998 1031 0.013659
1032 1031 0.0140724
1031 1032 0.0140724
1033 4398 0.014308
4398 1033 0.014308
1034 1035 0.0136305
1035 1034 0.0136305
1035 2209 0.0134305
2209 1035 0.0134305
1036 1463 0.00935141
1463 1036 0.00935141
1037 4392 0.0142056
4392 1037 0.0142056
1038 4393 0.00867723
4393 1038 0.00867723
1039 3684 0.0149125
3684 1039 0.0149125
1040 1801 0.0104549
1801 1040 0.0104549
1041 1043 0.164281
1043 1041 0.164281
1042 2305 0.111735
2305 1042 0.111735
1043 1042 0.109716
1042 1043 0.109716
1044 1041 0.0391961
1041 1044 0.0391961
1045 4410 0.011772
4410 1045 0.011772
1046 1045 0.0122936
1045 1046 0.0122936
1047 4447 0.0125558
4447 1047 0.0125558
1048 1050 0.00375734
1050 1048 0.00375734
1049 3459 0.0132651
3459 1049 0.0132651
1050 2324 0.00715601
2324 1050 0.00715601
1051 124 0.00756682
124 1051 0.00756682
1052 4396 0.0212123
4396 1052 0.0212123
1053 2245 0.0100318
2245 1053 0.0100318
1054 2358 0.0126074
2358 1054 0.0126074
1055 1647 0.0105693
1647 1055 0.0105693
1056 1027 0.0115552
1027 1056 0.0115552
1057 2398 0.101074
2398 1057 0.101074
1058 1575 0.0847957
1575 1058 0.0847957
1059 704 0.0419896
704 1059 0.0419896
1060 2360 0.0069057
2360 1060 0.0069057
1061 1060 0.0075887
1060 1061 0.0075887
1062 4237 0.00978224
4237 1062 0.00978224
1063 4234 0.0138157
4234 1063 0.0138157
1064 4253 0.013598
4253 1064 0.013598
1065 3685 0.0126348
3685 1065 0.0126348
1066 683 0.00629541
683 1066 0.00629541
1067 1356 0.11929
1356 1067 0.11929
1068 1354 0.118258
1354 1068 0.118258
1069 1073 0.0353789
1073 1069 0.0353789
1070 1071 0.0176987
1071 1070 0.0176987
1071 914 0.0144424
914 1071 0.0144424
1072 909 0.0392804
909 1072 0.0392804
1073 914 0.0317283
914 1073 0.0317283
1074 1073 0.0447365
1073 1074 0.0447365
1075 911 0.022172
911 1075 0.022172
1076 2308 0.0308663
2308 1076 0.0308663
1077 3387 0.0558152
3387 1077 0.0558152
1078 2012 0.0356223
2012 1078 0.0356223
1079 2392 0.0173391
2392 1079 0.0173391
